4077609890	3722965782	3195122828	4200418578
4077760916	3722678848	3195138526	4200082613
4077715474	3722394307	3195131107	4199178711
4077855953	3722107086	3195103410	4197852055
4077872822	3721819854	3195075463	4196583857
4078031716	3721535313	3195079173	4195599271
4078179082	3721248093	3195051224	4194576469
4078202666	3720960861	3195032803	4193702746
4078262019	3720676320	3195001890	4192701467
4078498874	3720389099	3194982047	4191277824
4078706242	3720101867	3194966958	4189948646
4078724790	3719817326	3194952738	4189076894
4078811383	3719530105	3194926220	4188451584
4078816911	3719242874	3194892766	4187828001
4079048760	3718958332	3194875455	4186857017
4079157874	3718671111	3194868572	4185348030
4079305340	3718383881	3194870818	4184098632
4079387878	3718099339	3194826303	4183138158
4079518322	3717812118	3194813352	4182459592
4079619109	3717524887	3194792916	4181863916
4079675062	3717240345	3194782406	4180960323
4079126017	3716953125	3194737500	4180135491
4079003009	3716665893	3194745928	4179112950
4078818766	3716381352	3194715633	4178284785
4078585952	3716094131	3194704732	4177701557
4078941491	3715806900	3194680702	4176991995
4078883065	3715522358	3194646079	4175885920
4079133298	3715235138	3194639196	4174710567
4079421573	3714947906	3194639896	4173646568
4079325743	3714663364	3194613311	4172843443
4079556855	3714376144	3194587617	4172547576
4079516786	3714088912	3194542520	4172223942
4079287719	3713804371	3194553648	4171994566
4079073527	3713517151	3194494168	4171337284
4079127280	3713229919	3194498004	4170346892
4079085238	3712945378	3194489349	4169276986
4079123589	3712658157	3194469895	4168514382
4079212909	3712370925	3194443906	4167570268
4079179523	3712086384	3194431541	4166396494
4079316860	3711799163	3194409821	4165117736
4079291738	3711511932	3194394136	4164078622
4079356965	3711227390	3194363223	4163594521
4079113577	3710940169	3194326687	4163100077
4079129444	3710652939	3194302942	4162556456
4079410445	3710368397	3194309743	4161526737
4079561710	3710081176	3194276928	4160530216
4079442904	3709793945	3194256263	4159908121
4079517404	3709509403	3194224732	4159372086
4079339009	3709222183	3194202290	4158697939
4078942110	3708934951	3194201856	4159160331
4078826494	3708650410	3194159814	4158925700
4078878133	3708363190	3194134933	4157737048
4078849061	3708075958	3194089332	4156853588
4078905941	3707791416	3194089950	4156022022
4078805012	3707504196	3194083354	4155552212
4078711806	3707216964	3194080676	4155119048
4078578880	3706932423	3194025032	4154549008
4078613258	3706645202	3194045125	4153586739
4078766523	3706357971	3194027196	4152672577
4078595882	3706073429	3193981445	4152709982
4079091125	3705786208	3193975341	4152421047
4078846279	3705498977	3193965061	4151553209
4078930363	3705214436	3193937239	4150701860
4079044400	3704927215	3193879464	4149598752
4079077200	3704639983	3193895815	4148500530
4079553264	3704355442	3193869230	4147837751
4079298959	3704068221	3193836987	4147235512
4079405808	3703780990	3193844190	4146846056
4079277209	3703496448	3193822551	4146293637
4079448539	3703209228	3193767204	4145526418
4079564083	3702921997	3193775872	4144931910
4079601488	3702637455	3193744959	4144544877
4079581431	3702350234	3193735649	4143999976
4079477526	3702063003	3193697662	4143356882
4079791914	3701778461	3193674786	4142597654
4079592657	3701491241	3193690745	4141867629
4079637966	3701204009	3193638308	4141206869
4079604889	3700919468	3193635835	4140642394
4079924888	3700632247	3193593048	4140056287
4079355419	3700345016	3193607395	4140949053
4079121715	3700060474	3193569063	4140975638
4079020431	3699773254	3193534794	4140206777
4079014756	3699486022	3193518674	4139734782
4078935618	3699201481	3193497035	4140022275
4079035298	3698914260	3193486248	4140303867
4079009191	3698627029	3193468595	4140334498
4079272881	3698342487	3193450047	4140440840
4079386037	3698055267	3193450446	4140601206
4079471035	3697768035	3193410169	4140562638
4079243823	3697483494	3193392239	4140558001
4079291070	3697196273	3193354570	4140525051
4079280609	3696909042	3193325776	4140636211
4079039177	3696624500	3193331340	4140855077
4079237064	3696337279	3193301777	4140997456
4079293284	3696050048	3193268586	4141265913
4078989098	3695765507	3193253748	4141306409
4078980685	3695478286	3193225318	4141661918
4079080601	3695191055	3193207687	4141924364
4079084310	3694906513	3193164409	4142153740
4078960660	3694619292	3193171312	4142309997
4079169322	3694332061	3193177083	4142570450
4078921707	3694047519	3193144315	4142643405
4078881774	3693760299	3193130048	4142929554
4078947056	3693473068	3193060850	4143240339
4078834841	3693188526	3193068269	4143633246
4078874492	3692901306	3193050555	4143964477
4078785380	3692614074	3193034883	4144347341
4078708406	3692329532	3193022517	4145133773
4078858411	3692042312	3192989874	4147122341
4078809492	3691755080	3192969037	4147081305
4078729118	3691470539	3192965946	4147164153
4078764962	3691183319	3192944970	4147077133
4078652762	3690896086	3192910921	4146993512
4078986006	3690611545	3192893609	4147121183
4078939118	3690324325	3192876400	4147183933
4078934381	3690037093	3192868260	4147174045
4078889557	3689752552	3192834874	4147216705
4078906957	3689465331	3192801155	4147159660
4078848752	3689178100	3192769956	4147176518
4078630814	3688893558	3192774284	4147162298
4078651791	3688606337	3192765353	4147113239
4078826803	3688319106	3192729460	4147049774
4078586917	3688034565	3192681235	4147178991
4078616596	3687747344	3192685253	4147183022
4078873173	3687460113	3192651868	4147140349
4078913051	3687175571	3192632702	4147035554
4078765265	3686888351	3192613649	4147108081
4078747047	3686601119	3192603025	4147005259
4078614739	3686316577	3192599934	4147034317
4078740386	3686029357	3192556608	4147036173
4078970550	3685742126	3192544599	4147053792
4078819693	3685457584	3192518632	4147122420
4078682738	3685170364	3192501995	4147013114
4078636069	3684883132	3192453714	4147152715
4078677493	3684598590	3192453096	4147122420
4078641172	3684311370	3192428570	4147014328
4078724172	3684024138	3192412600	4147082851
4078647198	3683739597	3192402089	4147031844
4078765265	3683452376	3192372137	4147147220
4079097603	3683165145	3192356647	4147144677
4078864208	3682880604	3192333771	4147028444
4078796213	3682593383	3192313276	4147107474
4078810110	3682306151	3192297293	4147024425
4078807637	3682021610	3192273181	4147100162
4078737959	3681734389	3192250167	4147192731
4078841642	3681447158	3192247214	4147204340
4078586299	3681162616	3192214446	4147149005
4078837780	3680875396	3192174922	4147183629
4078800218	3680588165	3192144582	4147225052
4078964367	3680303623	3192160657	4147223506
4078647543	3680016402	3192109993	4147177561
4078560641	3679729171	3192103468	4147130457
4078773014	3679444629	3192073791	4147114382
4078867514	3679157409	3192065695	4147141456
4078694186	3678870177	3192040405	4147116546
4078595882	3678585635	3192020002	4147084706
4078706404	3678298415	3191984989	4147141152
4078613811	3678011184	3191961576	4147108818
4078624631	3677726642	3191973323	4147148387
4078497963	3677439422	3191943119	4147119914
4078578570	3677152190	3191912115	4147039881
4078653999	3676867648	3191890476	4146955179
4078751915	3676580428	3191854524	4147007046
4078732209	3676293196	3191852143	4147025352
4078814129	3676008655	3191834832	4147094598
4078646633	3675721434	3191826003	4147074706
4078975805	3675434203	3191809792	4147070795
4078994971	3675149662	3191788153	4147042664
4078672119	3674862441	3191749545	4147070458
4078819693	3674575209	3191730964	4147043282
4078699750	3674290668	3191721071	4146943123
4078827767	3674003448	3191685222	4146993089
4078907178	3673716216	3191667591	4147020097
4078812892	3673431674	3191643479	4146966926
4078683952	3673144454	3191626968	4146924823
4078768687	3672857223	3191612257	4146836473
4078846897	3672572680	3191602983	4146975582
4078859928	3672285460	3191569321	4146917844
4078713661	3671998229	3191527555	4146915920
4078845042	3671713687	3191521990	4146848838
