$seg0<<EOseg0
464878063.0	1687522038.0
2937487087.0	1206159862.0
745439983.0	4029516534.0
701531887.0	880052982.0
540183535.0	226528246.0
2643038191.0	4124084982.0
2599130095.0	1837272054.0
2437781743.0	861441014.0
262511855.0	2803928310.0
185049583.0	2946337526.0
40478191.0	3869740022.0
2160110063.0	1119980278.0
2082647791.0	3751709430.0
1938076399.0	2803927798.0
4057708271.0	4115696630.0
3997023215.0	1192135926.0
3852451823.0	3464006902.0
1660404719.0	2665122806.0
1599719663.0	3745418230.0
1455148271.0	792038646.0
3541225967.0	865635318.0
3497317871.0	2644740854.0
3369523695.0	1349160182.0
1160699631.0	308513526.0
1100014319.0	411929334.0
972220143.0	2808122358.0
3058297839.0	2984676086.0
2997612527.0	243305718.0
2853041391.0	2402389494.0
677771503.0	1029606646.0
617086191.0	3435432950.0
455672304.0	2255195382.0
2575304176.0	2177404150.0
2514618864.0	3907750902.0
2353270512.0	1841073142.0
178000624.0	628067574.0
117315312.0	3897265142.0
4250868720.0	800427254.0
2075598832.0	2095418102.0
2014913776.0	3262615030.0
1870342384.0	2324598006.0
3973197040.0	2976287734.0
3912511984.0	1510509814.0
3767940592.0	1279757302.0
1592670704.0	2164821238.0
1515208432.0	2007993846.0
1370637040.0	3947531766.0
3473491952.0	792038902.0
3412806640.0	409832950.0
3285012464.0	2972093686.0
1076188400.0	537693430.0
1015503088.0	3587279862.0
887708912.0	1107398390.0
2973786608.0	1595116534.0
2929878512.0	2617478390.0
2768530160.0	1767476726.0
576483056.0	710053110.0
532574960.0	2326366966.0
388003824.0	3304229622.0
2490858480.0	710053110.0
2430173168.0	3429141750.0
2285602032.0	1832685046.0
93554928.0	2570554102.0
32869616.0	2944241398.0
4183200240.0	1775865078.0
2007930352.0	3947531510.0
1930468080.0	1679134198.0
1785896688.0	3386215926.0
3905528560.0	3775172342.0
3828066288.0	1202621430.0
3683494896.0	148737014.0
1508225008.0	2976288502.0
1430762736.0	561679606.0
1302968560.0	1197772022.0
3389046256.0	1353354230.0
3345138160.0	2642643702.0
3200566768.0	3062467574.0
991742704.0	3230632950.0
947834608.0	3755904502.0
803263216.0	718441718.0
2906118128.0	1037994998.0
2845432816.0	565874166.0
2717638640.0	865635318.0
508814576.0	2005044470.0
448129264.0	2159839990.0
303558128.0	3230632950.0
2406412784.0	3632172278.0
2345727472.0	3108670966.0
2201156336.0	3955919862.0
9109232.0	2414972150.0
4260037361.0	3104475894.0
4098689009.0	3144453366.0
1923419121.0	3230632694.0
1845956849.0	2467728374.0
1701385457.0	792038134.0
3821017329.0	2091224054.0
3743555057.0	3905653494.0
3615760881.0	2972093174.0
1423713777.0	472459766.0
1346251505.0	4091021558.0
1218457329.0	390468086.0
3338089201.0	2345541110.0
3260626929.0	1679108086.0
3116055537.0	554446838.0
924008689.0	1767454454.0
863323377.0	1691697654.0
718751985.0	148720886.0
2821606897.0	1944016630.0
2760921585.0	1371235830.0
2616350193.0	230714614.0
424303345.0	3718347510.0
380395249.0	559580918.0
219046897.0	956011510.0
2321901553.0	3291652598.0
2277993457.0	1192144630.0
2116645105.0	1119992566.0
4236276977.0	2328805878.0
4175591665.0	1510525430.0
4031020529.0	636475126.0
1838973425.0	3705790966.0
1778288113.0	4211471094.0
1633716977.0	2812281591.0
3736571633.0	382078967.0
3659109361.0	2450924023.0
3531315185.0	123547895.0
1356045297.0	2963684855.0
1261805809.0	1341868279.0
1134011633.0	2713539831.0
3253643505.0	4090519031.0
3176181233.0	376268535.0
3048387057.0	3110892791.0
839562993.0	1246200823.0
778877681.0	2929562359.0
651083505.0	3676413943.0
2737161201.0	3020532983.0
2676475889.0	1963964663.0
2548681713.0	1967310071.0
339857649.0	996070135.0
295949553.0	3231177975.0
134601201.0	4168345847.0
2254233073.0	3266507511.0
2193547761.0	2280259319.0
2032199409.0	4147317496.0
4151831281.0	3171883512.0
4091145969.0	3231131128.0
3946574833.0	1971467000.0
1754527729.0	2860729080.0
1710619633.0	2417382392.0
1549205746.0	659709944.0
3652060402.0	2368826360.0
3704817906.0	996243448.0
3794996722.0	4241916408.0
1619726834.0	1639352824.0
1559041522.0	3857421816.0
1414470386.0	12231416.0
3517325042.0	811118584.0
3439862770.0	827637496.0
3312068594.0	1380829944.0
1120021490.0	2265897464.0
1059336434.0	979494904.0
914765042.0	4225168120.0
3017619698.0	3155165176.0
2956934642.0	3680373753.0
2812363250.0	3724810489.0
637093362.0	3077317881.0
559631090.0	26424057.0
415059698.0	3733208825.0
2517914610.0	1937919481.0
2457229298.0	4144323577.0
2329435122.0	3880413945.0
120611058.0	159414521.0
76702962.0	13862649.0
4227033330.0	3146749433.0
2018209266.0	3806831609.0
1957523954.0	1747103481.0
1829730034.0	634567673.0
3932584690.0	1523828985.0
EOseg0
$seg1<<EOseg1
647658226.0	794089721.0
1396274930.0	1364054521.0
3605098994.0	1687796217.0
3732893170.0	3669927929.0
3776801266.0	1540593145.0
1690723570.0	470583545.0
1818517746.0	4144332537.0
1879203058.0	2593813497.0
4088027122.0	1942118905.0
4199044082.0	3047837945.0
4293283570.0	3487251961.0
2173651698.0	3888787705.0
2301445874.0	3043633401.0
2378908146.0	2679972089.0
276053490.0	4225110777.0
387070450.0	178323192.0
481309938.0	151055864.0
2656579826.0	3073171960.0
2801150962.0	3047872248.0
2861836274.0	3102526968.0
742204402.0	1639366904.0
903552754.0	2896015608.0
947460850.0	1876926456.0
3139507954.0	754290936.0
3284079090.0	1310426872.0
3344764402.0	577731320.0
1225132530.0	836266232.0
1386480882.0	3872085496.0
1430388978.0	33178872.0
3622501361.0	2061842936.0
3767072753.0	530199032.0
3827758065.0	2200643576.0
1724903153.0	4241889528.0
1852697329.0	213911800.0
1913382641.0	4151572727.0
4122206705.0	2061888247.0
4250000881.0	532340471.0
15784177.0	1340790007.0
2207831281.0	352765687.0
2335625457.0	3389306103.0
2413087729.0	4008551415.0
293455857.0	3602815223.0
421250033.0	1502121719.0
515489521.0	1910473463.0
2690759409.0	3283252215.0
2835330545.0	3098174967.0
2896015857.0	1820087543.0
793161201.0	2648328183.0
920955121.0	1179533303.0
981640433.0	3930731767.0
3173687537.0	2471764983.0
3318258673.0	3098153463.0
3378943985.0	3611165431.0
1259312113.0	66778102.0
1420660465.0	3264736246.0
1464568561.0	2734547958.0
3673392625.0	1845287926.0
3801186801.0	2627981814.0
3861872113.0	689097206.0
1759017201.0	3611213814.0
1886811377.0	2800793334.0
1947496689.0	1349167862.0
4156320753.0	3541803254.0
4284114929.0	1843564790.0
66675441.0	2320401654.0
2241945329.0	1771665398.0
2369739505.0	1050767606.0
2447201777.0	390489590.0
344347121.0	3722533366.0
472141297.0	1364937718.0
549603569.0	3058258678.0
2724873457.0	4206055158.0
2852667633.0	2644722422.0
2930129905.0	218118646.0
810498033.0	304298742.0
971846385.0	2315857654.0
1015754481.0	2013406198.0
3207801585.0	161290486.0
3352372721.0	432869622.0
3413058033.0	2988837878.0
1293426161.0	2164786678.0
1454774513.0	2638414070.0
1498682609.0	312673526.0
3707506673.0	4119858678.0
3835300849.0	903090422.0
3895986161.0	2112164342.0
1793131249.0	1275532534.0
1937768176.0	4082636790.0
1981676272.0	1361713910.0
4190500336.0	3796114678.0
23392752.0	2010063094.0
84078064.0	1685463798.0
2276124912.0	3804505590.0
2403919088.0	2001676790.0
2481381360.0	718417142.0
378526704.0	558641654.0
506320880.0	1693791990.0
583783152.0	1201946614.0
2759053040.0	3468182774.0
2886847216.0	4228205558.0
2964309488.0	1525699062.0
844677616.0	714233590.0
1006025968.0	3112852470.0
1066711280.0	1607687414.0
3241981168.0	485056758.0
3403329520.0	1054959606.0
3447237616.0	792030966.0
1327605744.0	2803927030.0
1488954096.0	3119156470.0
1532862192.0	2751303414.0
3724909296.0	3144454134.0
3869480432.0	2625867510.0
3913388528.0	1349160438.0
1827310832.0	3787754998.0
1971882224.0	1685426166.0
2015790320.0	58363382.0
4224614384.0	66751734.0
57506800.0	2153549302.0
118192112.0	148737270.0
2310238960.0	2005044470.0
2438033136.0	3751710198.0
2515495408.0	1607699702.0
412640752.0	3627978230.0
540434928.0	2796588534.0
617897200.0	2742914550.0
2793167088.0	455708150.0
2937738480.0	3587280374.0
2998423536.0	140348662.0
878791664.0	636455926.0
1040140016.0	4221930998.0
1100825328.0	2660929014.0
3276095216.0	3459812598.0
3420666352.0	724012022.0
3481351664.0	3222244854.0
1378497008.0	3951725814.0
1523068144.0	4215639286.0
1566976240.0	2255195126.0
3759023344.0	3295841270.0
3903594480.0	91458550.0
3964279792.0	869829622.0
1878202096.0	2324597750.0
2005996272.0	1375440374.0
2049904368.0	62557686.0
4258728432.0	459902198.0
91620848.0	2800782326.0
152306160.0	2747108342.0
2344418543.0	1927253238.0
2488989935.0	2330561782.0
2566452207.0	3955920118.0
446820335.0	3873934326.0
574614511.0	3114961910.0
652076783.0	4111502838.0
2827346671.0	369527798.0
2971918063.0	2630061302.0
3032603119.0	1693879286.0
912971247.0	1918864886.0
1057542639.0	2007993334.0
1135004911.0	3304230134.0
3310274799.0	1517325046.0
3471623151.0	4213542134.0
3515531247.0	3640560630.0
1395899375.0	3775171574.0
1557247727.0	407735286.0
1601155823.0	869829366.0
3793202927.0	947620342.0
3937774063.0	243305462.0
3998459375.0	1426951158.0
1912381679.0	1918864374.0
2040175855.0	884247286.0
2084083951.0	230722806.0
4292908015.0	66751478.0
125800431.0	241208310.0
186485743.0	3779365878.0
2378532591.0	804621302.0
2523103983.0	563776758.0
2583789295.0	1283951350.0
480934383.0	3693186294.0
608728559.0	2005896438.0
686190831.0	4262890486.0
2861460719.0	1923058678.0
EOseg1
set title 'pixel 0'
set terminal svg standalone mouse
set output 'px999/0.svg'
plot $seg0 w lines t '0', \
$seg1 w lines t '1'
set xrange [GPVAL_X_MAX:GPVAL_X_MIN]
set ylabel 'vDeflection'
set xlabel 'height'
set output 'px999/0.svg'
replot

